80.31
83.42
78.62
74.09
76.16
75.08
73.34
82.17
72.32
82.51
84.33
78.19
83.74
80.55
95.82
89.00
86.19
81.50
79.41
73.47
94.98
69.81
75.18
65.42
76.41
67.67
63.91
78.95
90.50
90.84
85.51
77.49
80.46
89.48
102.15
86.34
91.26
75.55
62.74
88.23
89.04
84.63
77.49
72.28
72.91
94.66
80.98
85.22
89.11
74.42
90.07
70.10
70.18
86.25
69.81
75.46
79.23
73.84
80.17
76.21
82.49
83.78
71.78
70.59
70.29
87.38
86.76
90.31
89.45
78.34
79.43
74.08
95.00
76.00
85.67
84.68
85.78
77.64
70.52
77.53
80.95
78.58
80.04
79.61
79.36
65.87
82.42
65.66
85.12
83.07
91.90
70.59
80.75
79.21
96.95
86.68
86.67
91.19
76.75
77.17
85.17
85.01
59.31
79.73
71.13
71.81
73.35
74.99
94.21
75.66
90.32
87.92
73.74
86.43
70.97
74.92
78.95
84.73
85.38
80.09
80.90
74.98
65.72
86.60
79.61
86.59
72.26
82.14
77.05
82.54
87.85
97.16
89.57
80.53
74.34
82.98
84.31
67.50
84.10
85.10
77.07
76.14
74.02
72.37
81.06
88.09
77.79
84.82
74.94
78.71
94.81
89.64
72.39
85.07
76.05
75.54
72.65
71.69
76.92
69.39
85.45
79.71
77.28
77.74
74.22
85.68
74.83
83.22
72.98
81.12
81.93
62.65
82.59
81.46
82.79
68.89
78.86
82.17
79.79
69.21
84.80
91.84
83.49
78.73
83.55
71.39
81.83
78.88
87.64
68.98
89.71
70.78
95.53
66.74
72.52
88.74
87.37
78.51
67.63
74.45
86.02
72.97
86.19
81.04
93.20
81.03
85.71
71.88
82.78
88.81
90.02
67.42
91.64
74.16
82.46
61.42
86.02
82.51
91.26
85.17
87.82
85.73
90.69
76.83
88.63
68.56
85.72
85.01
82.86
77.74
71.42
72.90
71.01
90.09
91.08
82.54
89.50
80.73
84.08
77.59
78.08
70.80
85.90
86.56
90.24
62.60
73.57
65.27
81.80
76.66
73.59
83.69
92.49
81.04
76.94
78.99
73.53
77.43
93.05
66.34
82.47
89.79
71.55
75.02
65.01
96.35
66.29
97.05
91.81
78.25
88.81
78.04
61.00
73.88
85.11
80.92
81.59
88.31
74.32
73.02
93.63
82.44
79.21
82.68
73.87
81.68
83.71
86.44
101.66
80.46
71.69
74.27
75.92
74.44
78.04
81.29
79.74
80.10
76.33
70.15
81.13
92.66
81.00
66.08
64.58
61.90
80.51
93.02
71.01
71.88
102.61
90.29
87.68
76.84
71.19
85.37
88.31
75.16
79.68
84.53
79.23
86.92
74.35
71.52
91.63
87.21
70.43
86.90
90.93
59.87
88.03
83.92
62.56
86.00
79.36
69.72
82.29
85.98
56.35
88.27
75.97
76.19
85.18
85.97
84.31
84.74
79.33
86.44
82.16
77.35
79.64
87.94
72.17
100.13
90.24
86.68
74.14
79.51
80.56
84.35
70.86
83.75
77.51
84.37
77.57
80.43
79.38
80.09
80.04
77.71
81.84
66.28
82.61
74.01
83.35
85.93
78.13
73.52
75.84
74.51
87.23
72.26
80.17
79.79
83.49
78.73
76.71
89.28
75.62
77.43
78.62
75.29
68.60
86.92
76.03
77.27
84.15
77.92
71.20
91.83
89.81
66.66
83.42
83.34
90.80
84.39
80.75
79.94
73.39
77.74
90.73
90.88
77.79
89.66
85.44
62.35
69.45
65.05
81.62
77.94
77.92
86.97
82.76
68.31
77.47
73.99
85.60
94.03
62.74
83.19
85.55
74.47
86.87
79.27
85.58
81.03
98.05
72.56
77.75
72.21
83.13
84.49
96.37
83.08
81.35
77.48
75.31
92.02
69.82
72.79
78.10
72.12
79.96
93.10
77.81
85.26
74.75
83.75
82.69
67.93
76.16
72.80
81.84
96.18
77.85
77.63
84.42
83.87
75.09
77.39
62.04
78.79
89.69
66.93
80.46
77.59
71.64
83.04
84.99
65.99
78.67
85.07
83.13
79.00
84.62
69.88
74.21
84.57
79.32
89.80
83.60
85.68
83.56
71.27
83.33
97.10
75.14
103.71
81.01
70.72
90.48
89.05
80.03
77.94
84.09
78.05
65.71
89.10
72.50
74.75
74.70
74.89
88.45
70.88
83.56
83.02
80.51
82.91
86.00
83.78
74.45
70.95
84.37
81.15
80.17
92.46
76.97
80.27
75.71
79.86
73.69
79.03
88.26
90.00
82.25
77.41
102.06
74.36
87.03
76.41
88.98
81.20
78.09
78.63
78.37
74.10
67.86
76.63
89.99
76.27
68.38
72.66
69.63
68.98
86.02
82.84
92.62
73.33
83.73
84.13
96.06
79.39
73.93
78.90
85.83
77.25
81.43
82.39
77.20
77.62
88.43
92.33
64.77
84.10
77.54
63.28
82.54
85.85
73.77
93.61
68.81
76.25
82.55
71.03
76.42
75.08
87.57
92.15
82.43
78.59
84.46
82.93
92.52
70.53
67.72
73.61
78.01
75.10
77.29
77.21
54.89
83.49
75.79
80.90
84.15
65.42
83.68
80.25
98.07
86.32
77.78
91.98
87.08
100.77
92.45
77.89
84.00
93.38
74.85
86.59
79.19
71.28
99.62
92.67
86.90
87.70
87.04
82.99
89.96
77.10
78.31
77.82
89.88
68.04
86.52
100.80
88.15
90.11
86.94
73.20
83.63
76.12
85.95
90.55
105.82
78.81
91.02
87.93
88.07
84.80
86.77
83.04
74.00
72.13
88.93
62.54
86.37
80.48
81.78
80.16
77.02
59.92
66.58
75.43
87.93
75.13
85.38
88.89
90.46
59.60
73.16
81.54
83.39
91.10
94.11
85.09
94.61
79.72
75.04
76.24
78.83
87.74
75.97
81.25
85.71
74.44
80.35
98.14
82.39
92.29
66.33
85.82
77.56
92.15
93.39
77.63
86.69
66.37
78.68
72.70
80.01
76.34
68.88
79.93
76.50
89.18
76.32
75.93
88.11
69.57
64.25
69.13
79.47
87.18
89.61
86.58
84.64
86.70
85.73
93.07
77.16
90.53
89.15
84.70
86.01
85.17
78.27
73.60
88.90
73.23
81.49
80.58
78.11
83.78
96.60
80.36
81.61
69.69
82.01
79.22
94.77
76.51
73.47
79.02
77.84
85.99
90.79
83.27
88.76
83.19
76.77
98.30
70.78
73.83
89.92
72.01
75.36
80.36
74.91
77.90
82.47
83.43
75.34
82.05
75.84
77.01
67.53
77.15
84.47
76.26
84.14
79.45
63.42
76.46
82.43
77.64
83.92
98.16
81.98
87.70
88.24
86.02
66.63
84.07
84.46
88.31
80.30
68.06
66.33
98.81
74.60
79.06
83.33
68.46
77.52
66.00
78.21
88.37
78.47
79.52
76.72
83.67
100.56
84.80
66.14
68.77
80.86
84.02
70.92
85.77
75.23
73.49
61.09
87.24
79.17
83.49
87.96
75.73
69.83
72.70
78.54
74.68
87.31
81.26
90.07
75.22
95.97
83.70
84.25
79.18
81.19
82.44
70.63
89.86
87.15
84.71
82.67
90.21
78.20
78.09
80.45
76.92
86.47
70.69
75.40
74.02
89.32
82.38
68.03
80.82
65.40
92.39
68.22
67.64
77.12
72.06
74.26
95.84
72.49
79.44
78.25
85.83
81.37
73.74
91.75
75.71
86.50
81.02
77.77
85.20
75.31
87.45
87.09
73.89
60.16
82.16
73.32
69.36
86.43
90.20
68.67
75.87
70.92
87.67
72.29
73.33
88.20
77.96
92.74
68.17
85.91
76.95
92.97
89.65
86.39
73.19
84.56
72.76
75.96
83.98
85.22
71.43
83.86
76.59
68.71
68.91
66.91
75.07
78.89
81.99
89.50
94.35
73.19
91.64
71.51
80.96
82.73
97.16
82.02
87.42
80.85
79.69
85.08
78.12
85.20
69.19
81.51
80.65
70.96
81.25
78.87
81.52
96.79
69.06
75.97
72.97
96.32
87.27
87.20
84.44
86.45
83.40
81.73
76.01
69.51
87.58
80.91
84.29
100.91
75.74
85.81
75.33
96.32
80.81
80.45
91.98
78.35
86.45
82.16
86.77
87.45
80.05
80.23
88.51
70.04
91.36
81.36
79.99
89.63
83.48
71.01
66.54
79.05
69.63
77.34
81.32
81.80
74.21
80.52
67.57
73.94
84.05
83.41
76.20
90.10
74.58
74.72
70.44
97.72
82.89
86.61
77.39
90.38
69.96
86.32
89.67
77.14
89.68
78.86
77.60
